x_tumor = [0.1401734 0.145384743 0.139022429 0.134098829 0.140759543 0.145970886 0.144233771 0.137573057 0.132436314 0.137914086 0.146258629 0.136986914 0.131775571 0.1303262 0.138724029 0.140759543 0.130912343 0.148571229 0.139885657 0.139885657 0.141047286 0.150894486 0.129175229 0.138724029 0.139022429 0.148283486 0.144233771 0.153207086 0.129175229 0.137573057 0.153494829 0.129175229 0.138436286 0.147995743 0.144233771 0.141622771 0.144233771 0.153793229 0.1280136 0.141047286 0.143359886 0.1549442 0.1280136 0.1427844 0.141910514 0.155231943 0.126276486 0.143072143 0.143946029 0.156393571 0.128589086 0.1280136 0.121352886 0.143647629 0.1427844 0.155231943 0.152919343 0.1280136 0.126276486 0.119903514 0.139022429 0.1500206 0.1575552 0.149157371 0.134674314 0.125690343 0.119328029 0.127139714 0.142496657 0.1575552 0.148869629 0.1333102 0.127725857 0.119328029 0.126851971 0.142496657 0.158130686 0.151469971 0.133800429 0.126276486 0.121065143 0.126564229 0.137285314 0.147708 0.158418429 0.149445114 0.134674314 0.126564229 0.122216114 0.125988743 0.131487829 0.131487829 0.141622771 0.152056114 0.158716829 0.149445114 0.133224943 0.124539371 0.134098829 0.148571229 0.156105829 0.1549442 0.149157371 0.1329372 0.125690343 0.126276486 0.133512686 0.147420257 0.156681314 0.154368714 0.146546371 0.134386571 0.125114857 0.1280136 0.134098829 0.155231943 0.153793229 0.137573057 0.125988743 0.137285314 0.145970886 0.156393571 0.1500206 0.138148543 0.127139714 0.129462971 0.138724029 0.145683143 0.156105829 0.1427844 0.130613943 0.127438114 0.136699171 0.144809257 0.154368714 0.147132514 0.133800429 0.128589086 0.109949743 0.146258629 0.152343857 0.139597914 0.128876829 0.139022429 0.147420257 0.139885657 0.131487829 0.138724029 0.145097 0.135835943 0.132063314]';
y_tumor = [0.1462906 0.104557229 0.097310371 0.103683343 0.112955057 0.108894686 0.101083 0.096447143 0.101658486 0.108031457 0.100209114 0.094997771 0.101456 0.109768571 0.094710029 0.113818286 0.104844971 0.105420457 0.094411629 0.094123886 0.116141543 0.104557229 0.104557229 0.092972914 0.117292514 0.115843143 0.121640629 0.1057082 0.104258829 0.090649657 0.105239286 0.104557229 0.118454143 0.117004771 0.122216114 0.088337057 0.121352886 0.1057082 0.1033956 0.087175429 0.121640629 0.105420457 0.104557229 0.086599943 0.121065143 0.1033956 0.102233971 0.0860138 0.122514514 0.103107857 0.097598114 0.111793429 0.104258829 0.085150571 0.122802257 0.110344057 0.094710029 0.097896514 0.111217943 0.102521714 0.0860138 0.087175429 0.103107857 0.1181664 0.120766743 0.1106318 0.1057082 0.097022629 0.085438314 0.101946229 0.121352886 0.120106 0.111793429 0.106294343 0.097907171 0.085726057 0.103971086 0.117004771 0.121640629 0.109768571 0.105995943 0.098472 0.0863122 0.087175429 0.104557229 0.121065143 0.122514514 0.109182429 0.103683343 0.099335229 0.088049314 0.088049314 0.0863122 0.094411629 0.105995943 0.121065143 0.121640629 0.104557229 0.086887686 0.089200286 0.098184257 0.112667314 0.121065143 0.119903514 0.108894686 0.094123886 0.087750914 0.088912543 0.099335229 0.112667314 0.120479 0.120479 0.106869829 0.092972914 0.087750914 0.097598114 0.112368914 0.120479 0.106582086 0.087463171 0.091523543 0.103107857 0.114404429 0.119615771 0.104844971 0.092674514 0.088049314 0.092386771 0.104258829 0.1181664 0.1106318 0.096734886 0.088049314 0.0935484 0.101658486 0.113029657 0.114404429 0.098759743 0.0886248 0.096734886 0.102521714 0.114692171 0.101083 0.090361914 0.102233971 0.110344057 0.100209114 0.091523543 0.1007846 0.1083192 0.098184257]';
z_tumor = [0.0336 0.0336 0.0336 0.0336 0.035 0.035 0.035 0.035 0.035 0.0364 0.0364 0.0364 0.0364 0.0364 0.0364 0.0364 0.0364 0.0364 0.0364 0.0378 0.0378 0.0378 0.0378 0.0392 0.0392 0.0392 0.0392 0.0392 0.0392 0.0406 0.0406 0.0406 0.0406 0.0406 0.0406 0.042 0.042 0.042 0.042 0.0434 0.0434 0.0434 0.0434 0.0448 0.0448 0.0448 0.0448 0.0462 0.0462 0.0462 0.0462 0.0462 0.0462 0.0476 0.0476 0.0476 0.0476 0.0476 0.0476 0.0476 0.049 0.049 0.049 0.049 0.049 0.049 0.049 0.049 0.0504 0.0504 0.0504 0.0504 0.0504 0.0504 0.0504 0.0518 0.0518 0.0518 0.0518 0.0518 0.0518 0.0518 0.0532 0.0532 0.0532 0.0532 0.0532 0.0532 0.0532 0.0532 0.0532 0.0546 0.0546 0.0546 0.0546 0.0546 0.0546 0.0546 0.056 0.056 0.056 0.056 0.056 0.056 0.056 0.056 0.0574 0.0574 0.0574 0.0574 0.0574 0.0574 0.0574 0.0574 0.0588 0.0588 0.0588 0.0588 0.0588 0.0602 0.0602 0.0602 0.0602 0.0602 0.0602 0.0602 0.0616 0.0616 0.0616 0.0616 0.0616 0.0616 0.063 0.063 0.063 0.063 0.063 0.063 0.0644 0.0644 0.0644 0.0644 0.0644 0.0658 0.0658 0.0658 0.0658 0.0672 0.0672 0.0672 0.0672]';

tumor = [x_tumor,y_tumor,z_tumor];